     0/299     8.61G      7.13      2.05         0      9.18        19       320         0         0  0.000476         0      2.21      0.82         0
     1/299     8.44G      5.44     0.762         0       6.2        24       576         0         0   0.00438         0      1.91     0.481         0
     2/299     8.42G      4.38     0.576         0      4.95        23       448         0         0    0.0765         0      1.04     0.402         0
     3/299     8.42G      4.48      0.52         0         5        22       384         0         0     0.181         0     0.873     0.405         0
     4/299       16G       3.5     0.489         0      3.99        13       320         0         0     0.306         0     0.865     0.318         0
     5/299     8.42G      4.07     0.457         0      4.52        21       512         1       0.5     0.828     0.667     0.956     0.292         0
     6/299       16G      3.36     0.392         0      3.76        21       576         0         0     0.235         0     0.933     0.285         0
     7/299       16G      2.76     0.416         0      3.17        14       448         0         0     0.249         0     0.988     0.242         0
     8/299       16G       2.7     0.374         0      3.08        20       320         0         0     0.249         0     0.646      0.28         0
     9/299       16G      2.36     0.373         0      2.73        31       320         0         0     0.497         0     0.611     0.243         0
    10/299       16G      2.78     0.378         0      3.16        21       384         0         0     0.497         0     0.495     0.218         0
    11/299       16G      2.73      0.38         0      3.11        18       448         1       0.5     0.495     0.667     0.862     0.262         0
    12/299       16G       2.6     0.339         0      2.93        23       320         0         0     0.256         0     0.829     0.181         0
    13/299       16G      2.77     0.347         0      3.11        19       448         0         0     0.373         0     0.627     0.184         0
    14/299       16G      2.79     0.299         0      3.09        21       320         1       0.5     0.695     0.667     0.505     0.195         0
    15/299       16G      3.12     0.327         0      3.45        24       320         0         0     0.165         0     0.955     0.195         0
    16/299     8.73G      3.68     0.316         0      3.99        22       640     0.153       0.5     0.495     0.234      2.46     0.256         0
    17/299     15.9G      3.82     0.295         0      4.12        17       512         0         0         0         0      7.07  2.49e+06         0
    18/299     15.9G      4.23     0.286         0      4.52        21       512         0         0         0         0      4.19  1.44e+04         0
    19/299     15.9G      4.08     0.293         0      4.37        23       576         0         0         0         0      2.19     0.464         0
    20/299     15.9G      4.06     0.293         0      4.36        23       448         0         0  0.000873         0      1.78        12         0
    21/299     15.9G      4.45     0.283         0      4.73        26       640  0.000217       0.5  0.000452  0.000433      3.15  8.18e+03         0
    22/299     15.9G      3.98     0.286         0      4.27        19       320    0.0005       0.5  0.000496  0.000998     0.866  3.31e+03         0
    23/299     15.9G      3.95      0.28         0      4.23        18       384         1       0.5     0.524     0.667       1.2     0.139         0
    24/299     15.9G      4.24     0.288         0      4.53        24       576         1       0.5     0.533     0.667     0.455      0.19         0
    25/299     15.9G      3.98      0.26         0      4.24        16       640         1       0.5     0.506     0.667     0.574     0.193         0
    26/299     15.9G      3.59     0.293         0      3.88        17       640         0         0     0.281         0      0.54     0.185         0
    27/299     15.9G      3.82     0.282         0       4.1        23       576         0         0     0.208         0     0.363     0.184         0
    28/299     15.9G      2.86     0.293         0      3.16        21       320         0         0     0.138         0     0.481      0.17         0
    29/299     15.9G       3.5     0.291         0      3.79        20       384         0         0     0.224         0     0.386     0.172         0
    30/299     15.9G      2.93     0.307         0      3.24        21       384         1       0.5     0.545     0.667     0.676     0.159         0
    31/299     15.9G      3.41     0.283         0      3.69        25       576         0         0     0.149         0     0.564     0.161         0
    32/299     15.9G      3.19     0.278         0      3.47        17       448         0         0     0.224         0     0.442     0.166         0
    33/299     15.9G      3.04     0.285         0      3.32        24       640         1       0.5     0.638     0.667      0.33     0.157         0
    34/299     15.9G      2.61     0.286         0       2.9        18       384         1       0.5     0.745     0.667     0.299     0.158         0
    35/299     15.9G         3     0.266         0      3.26        16       320         1       0.5     0.828     0.667      0.43     0.156         0
    36/299     15.9G      2.76     0.283         0      3.04        19       640         0         0     0.249         0     0.334     0.169         0
    37/299     15.9G      3.18      0.27         0      3.45        13       640         1       0.5     0.995     0.667     0.329     0.158         0
    38/299     15.9G      3.55     0.268         0      3.82        24       512         1       0.5     0.662     0.667      0.73     0.162         0
    39/299     15.9G      3.07      0.28         0      3.35        25       384         1       0.5     0.995     0.667     0.391     0.164         0
    40/299     15.9G      2.86     0.262         0      3.12        20       448         0         0   0.00503         0     0.841       0.3         0
    41/299     15.9G       3.4     0.254         0      3.66        23       576         1       0.5     0.508     0.667     0.465     0.181         0
    42/299     15.9G      2.72     0.286         0      3.01        20       448         1       0.5     0.586     0.667     0.501     0.158         0
    43/299     15.9G      3.22      0.28         0       3.5        19       320         1       0.5     0.595     0.667      0.64      0.15         0
    44/299     15.9G      3.24     0.263         0       3.5        20       576         1       0.5     0.516     0.667     0.603     0.163         0
    45/299     15.9G      2.94     0.253         0      3.19        26       512         0         0     0.269         0     0.362     0.175         0
    46/299     15.9G      3.26     0.288         0      3.55        20       448         0         0     0.262         0     0.452     0.188         0
    47/299     15.9G      2.95     0.266         0      3.22        20       512         1       0.5     0.606     0.667     0.485     0.155         0
    48/299     15.9G      3.07     0.271         0      3.34        19       384         1       0.5     0.578     0.667     0.583     0.153         0
    49/299     15.9G      2.87     0.278         0      3.15        20       320         0         0     0.314         0     0.563      0.16         0
    50/299     15.9G      2.53     0.271         0       2.8        20       320         1       0.5     0.516     0.667     0.238     0.187         0
    51/299     15.9G       3.2     0.263         0      3.46        20       512         1       0.5     0.532     0.667     0.572     0.145         0
    52/299     15.9G      2.82      0.28         0       3.1        20       448         0         0     0.248         0     0.558     0.173         0
    53/299     15.9G      2.69     0.262         0      2.95        24       448         1       0.5     0.514     0.667     0.489     0.167         0
    54/299     15.9G       2.5     0.245         0      2.75        17       640         1       0.5     0.526     0.667     0.447     0.147         0
    55/299     15.9G      2.73     0.257         0      2.99        20       384         1       0.5     0.551     0.667     0.445     0.142         0
    56/299     15.9G      2.62     0.275         0      2.89        26       384         1       0.5     0.551     0.667     0.365     0.151         0
    57/299     15.9G      2.71     0.248         0      2.96        19       576         0         0      0.39         0     0.317     0.151         0
    58/299     15.9G      3.02     0.251         0      3.27        23       512         1       0.5     0.537     0.667     0.596     0.147         0
    59/299     15.9G      2.92     0.258         0      3.18        20       512         1       0.5     0.695     0.667     0.515     0.148         0
    60/299     15.9G      2.79     0.247         0      3.04        18       320         1       0.5     0.828     0.667     0.467     0.131         0
    61/299     15.9G      2.51     0.248         0      2.76        16       576         1       0.5     0.545     0.667     0.228     0.165         0
    62/299     15.9G      2.63     0.268         0       2.9        18       448     0.965       0.5     0.638     0.659      0.43     0.126         0
    63/299     15.9G      2.67     0.247         0      2.91        19       576         1       0.5     0.828     0.667     0.443     0.133         0
    64/299     15.9G      2.04     0.266         0       2.3        28       320         1       0.5     0.745     0.667     0.341      0.15         0
    65/299     15.9G      2.47     0.226         0      2.69        21       448         1       0.5     0.695     0.667     0.459     0.136         0
    66/299     15.9G      2.78     0.254         0      3.04        23       320         1       0.5     0.662     0.667     0.498     0.129         0
    67/299     15.9G      2.72     0.257         0      2.98        21       512         1     0.631     0.995     0.774     0.303     0.113         0
    68/299     15.9G      2.92     0.242         0      3.16        23       512         1     0.831     0.995     0.908     0.278     0.112         0
    69/299     15.9G      2.55      0.23         0      2.78        19       640         1     0.593     0.995     0.744     0.368     0.126         0
    70/299     15.9G       2.3     0.217         0      2.51        15       320         1       0.5     0.695     0.667     0.369      0.13         0
    71/299     15.9G      2.46     0.232         0      2.69        22       512         1       0.5     0.662     0.667     0.329     0.131         0
    72/299     15.9G       2.3     0.236         0      2.53        23       640         1       0.5     0.828     0.667     0.271     0.128         0
    73/299     15.9G      2.27     0.224         0       2.5        20       512         1     0.664     0.995     0.798     0.331     0.111         0
    74/299     15.9G      2.73     0.228         0      2.96        33       448         1       0.5     0.638     0.667     0.383      0.13         0
    75/299     15.9G      2.73      0.23         0      2.96        18       512       0.7       0.5     0.828     0.583     0.355     0.106         0
    76/299     15.9G      1.84     0.248         0      2.09        16       576     0.555       0.5     0.828     0.526     0.377    0.0976         0
    77/299     15.9G      2.71      0.22         0      2.93        22       576         1     0.855     0.995     0.922     0.438    0.0991         0
    78/299     15.9G      2.58     0.218         0       2.8        18       320         1     0.834     0.995     0.909     0.506    0.0987         0
    79/299     15.9G      2.53     0.204         0      2.73        21       448         1     0.762     0.995     0.865     0.331     0.105         0
    80/299     15.9G      2.61     0.215         0      2.83        19       384     0.647       0.5     0.828     0.564     0.469     0.101         0
    81/299     15.9G      2.68     0.239         0      2.92        28       384         1       0.9     0.995     0.947     0.317     0.097         0
    82/299     15.9G       2.1     0.212         0      2.31        18       448     0.853         1     0.995     0.921     0.474     0.083         0
    83/299     15.9G      2.09     0.206         0      2.29        18       448         1     0.791     0.995     0.883     0.328     0.109         0
    84/299     15.9G      2.39     0.211         0       2.6        25       384     0.701       0.5     0.828     0.584     0.475     0.107         0
    85/299     15.9G      2.74     0.214         0      2.95        20       576         1       0.5     0.695     0.667     0.347     0.127         0
    86/299     15.9G      2.35     0.218         0      2.57        20       320         1     0.905     0.995      0.95     0.287     0.107         0
    87/299     15.9G      1.78     0.194         0      1.98        19       384         1      0.93     0.995     0.963     0.358     0.108         0
    88/299     15.9G       2.5     0.199         0       2.7        24       320      0.78       0.5     0.828      0.61     0.357     0.126         0
    89/299     15.9G       2.1     0.199         0       2.3        23       320         1     0.966     0.995     0.983     0.394    0.0998         0
    90/299     15.9G      2.11     0.193         0       2.3        18       384     0.817         1     0.995     0.899     0.413    0.0826         0
    91/299     15.9G      2.15     0.212         0      2.36        17       384     0.789         1     0.995     0.882     0.342    0.0798         0
    92/299     15.9G      2.21     0.197         0      2.41        28       320     0.831         1     0.995     0.908     0.349    0.0815         0
    93/299     15.9G      2.38     0.204         0      2.58        24       576     0.881         1     0.995     0.937     0.428     0.083         0
    94/299     15.9G      2.09     0.183         0      2.27        21       448     0.853         1     0.995      0.92     0.289    0.0838         0
    95/299     15.9G      2.21     0.179         0      2.39        15       448         1     0.895     0.995     0.944     0.351    0.0962         0
    96/299     15.9G       2.8     0.194         0      2.99        22       448         1     0.984     0.995     0.992     0.281     0.094         0
    97/299     15.9G      2.13     0.185         0      2.31        21       448     0.828         1     0.995     0.906     0.462    0.0715         0
    98/299     15.9G      2.31     0.182         0      2.49        20       576         1     0.955     0.995     0.977     0.266    0.0956         0
    99/299     15.9G      2.02     0.175         0       2.2        23       512     0.826         1     0.995     0.905     0.407    0.0771         0
   100/299     15.9G      2.22     0.192         0      2.42        18       320      0.82         1     0.995     0.901     0.297    0.0728         0
   101/299     15.9G      2.25     0.193         0      2.44        25       512     0.958         1     0.995     0.979     0.338    0.0931         0
   102/299     15.9G      2.68     0.167         0      2.85        18       448     0.845         1     0.995     0.916     0.371    0.0787         0
   103/299     15.9G      2.22     0.175         0      2.39        22       640     0.726         1     0.995     0.841     0.335    0.0731         0
   104/299     15.9G      2.29     0.179         0      2.47        21       640     0.751         1     0.995     0.858     0.436    0.0843         0
   105/299     15.9G      2.43      0.19         0      2.62        22       320     0.705         1     0.995     0.827      0.39    0.0778         0
   106/299     15.9G      2.14     0.178         0      2.31        18       640     0.709         1     0.995     0.829     0.288    0.0694         0
   107/299     15.9G      2.54     0.178         0      2.72        20       512     0.727         1     0.995     0.842     0.447    0.0598         0
   108/299     15.9G      2.34     0.184         0      2.52        20       384     0.713         1     0.995     0.832     0.391    0.0561         0
   109/299     15.9G      2.47     0.175         0      2.65        21       384     0.692         1     0.995     0.818     0.337    0.0586         0
   110/299     15.9G      2.26     0.181         0      2.44        18       320      0.73         1     0.995     0.844     0.392    0.0716         0
   111/299     15.9G      2.25     0.186         0      2.43        25       576     0.657         1     0.995     0.793     0.318    0.0708         0
   112/299     15.9G      2.09     0.184         0      2.28        18       640     0.613         1     0.995      0.76     0.345    0.0779         0
   113/299     15.9G      2.01     0.191         0       2.2        22       320     0.769         1     0.995     0.869     0.393    0.0785         0
   114/299     15.9G       1.6     0.176         0      1.77        17       512     0.648         1     0.995     0.787     0.338    0.0654         0
   115/299     15.9G      2.24     0.206         0      2.45        19       320       0.7         1     0.995     0.823       0.3     0.074         0
   116/299     15.9G      2.27     0.194         0      2.46        15       576     0.851         1     0.995      0.92     0.558     0.087         0
   117/299     15.9G      1.66     0.179         0      1.84        21       448     0.567       0.5     0.828     0.531      0.44     0.095         0
   118/299     15.9G      1.68     0.182         0      1.86        20       448      0.71         1     0.995      0.83     0.369    0.0741         0
   119/299     15.9G      2.23      0.19         0      2.42        21       640     0.736         1     0.995     0.848     0.314    0.0641         0
   120/299     15.9G      1.98     0.174         0      2.16        21       512     0.856         1     0.995     0.922     0.306    0.0765         0
   121/299     15.9G      2.01     0.192         0       2.2        26       640     0.772         1     0.995     0.872     0.289    0.0736         0
   122/299     15.9G      1.77     0.181         0      1.95        15       512     0.711         1     0.995     0.831     0.256    0.0658         0
   123/299     15.9G      1.99     0.206         0      2.19        18       448     0.754         1     0.995      0.86     0.273    0.0664         0
   124/299     15.9G      2.01     0.181         0      2.19        20       512      0.86         1     0.995     0.925     0.365    0.0789         0
   125/299     15.9G      1.98     0.209         0      2.19        20       320     0.727         1     0.995     0.842     0.382    0.0522         0
   126/299     15.9G      1.86     0.191         0      2.05        20       576     0.751         1     0.995     0.858     0.322    0.0719         0
   127/299     15.9G      1.74     0.171         0      1.91        20       320     0.688         1     0.995     0.815     0.394    0.0628         0
   128/299     15.9G      2.07     0.219         0      2.29        21       640     0.768         1     0.995     0.869      0.46    0.0634         0
   129/299     15.9G      1.72     0.173         0      1.89        22       320      0.73         1     0.995     0.844     0.308    0.0628         0
   130/299     15.9G      2.06     0.188         0      2.25        15       384     0.751         1     0.995     0.858     0.341    0.0649         0
   131/299     15.9G      1.72     0.178         0      1.89        22       512     0.742         1     0.995     0.852     0.266    0.0654         0
   132/299     15.9G      1.94     0.162         0       2.1        19       640     0.746         1     0.995     0.854     0.344    0.0626         0
   133/299     15.9G      1.91     0.178         0      2.09        18       576     0.806         1     0.995     0.893     0.336    0.0662         0
   134/299     15.9G      1.77     0.171         0      1.95        19       512     0.742         1     0.995     0.852     0.328    0.0607         0
   135/299     15.9G      1.86     0.184         0      2.04        21       384     0.744         1     0.995     0.853     0.322    0.0598         0
   136/299     15.9G      1.89     0.178         0      2.06        22       320     0.714         1     0.995     0.833     0.345    0.0519         0
   137/299     15.9G      1.67     0.186         0      1.86        25       640     0.714         1     0.995     0.833      0.37    0.0606         0
   138/299     15.9G      1.87     0.185         0      2.05        29       576     0.702         1     0.995     0.825     0.369    0.0596         0
   139/299     15.9G      1.91     0.175         0      2.09        21       512     0.702         1     0.995     0.825     0.366    0.0668         0
   140/299     15.9G      1.98     0.191         0      2.17        15       640     0.676         1     0.995     0.806     0.254    0.0586         0
   141/299     15.9G      2.03     0.184         0      2.21        19       448     0.737         1     0.995     0.849     0.301    0.0704         0
   142/299     15.9G      1.57     0.179         0      1.75        17       320     0.677         1     0.995     0.807     0.329    0.0509         0
   143/299     15.9G      1.64     0.172         0      1.81        20       640     0.692         1     0.995     0.818      0.28    0.0561         0
   144/299     15.9G      1.55     0.163         0      1.72        18       576     0.738         1     0.995     0.849     0.241    0.0753         0
   145/299     15.9G      1.72     0.163         0      1.89        15       576      0.73         1     0.995     0.844     0.342    0.0662         0
   146/299     15.9G      1.71     0.184         0      1.89        17       512     0.739         1     0.995      0.85     0.248    0.0675         0
   147/299     15.9G      1.48     0.164         0      1.64        21       384     0.755         1     0.995      0.86      0.36    0.0724         0
   148/299     15.9G      1.46     0.166         0      1.62        21       384     0.722         1     0.995     0.839     0.395    0.0622         0
   149/299     15.9G      2.03     0.166         0       2.2        26       576     0.727         1     0.995     0.842      0.38    0.0786         0
   150/299     15.9G      1.94     0.158         0      2.09        22       320     0.738         1     0.995     0.849     0.399    0.0683         0
   151/299     15.9G      1.73     0.156         0      1.88        21       512     0.719         1     0.995     0.837     0.348    0.0597         0
   152/299     15.9G      1.83     0.176         0         2        19       512     0.723         1     0.995     0.839     0.374    0.0543         0
   153/299     15.9G      1.29     0.149         0      1.44        22       512     0.723         1     0.995     0.839     0.349    0.0634         0
   154/299     15.9G      1.66     0.173         0      1.83        20       512     0.711         1     0.995     0.831     0.296     0.051         0
   155/299     15.9G      1.43     0.162         0      1.59        21       384     0.719         1     0.995     0.837     0.361    0.0511         0
   156/299     15.9G      1.52      0.16         0      1.68        17       448     0.724         1     0.995      0.84     0.348    0.0492         0
   157/299     15.9G      1.85      0.16         0      2.01        23       576     0.755         1     0.995     0.861     0.336    0.0575         0
   158/299     15.9G      1.93     0.178         0      2.11        21       384     0.699         1     0.995     0.823     0.321    0.0647         0
   159/299     15.9G       1.5     0.154         0      1.66        23       384     0.726         1     0.995     0.841     0.368    0.0467         0
   160/299     15.9G      1.83     0.163         0         2        20       640     0.764         1     0.995     0.866     0.342    0.0543         0
   161/299     15.9G      1.66     0.178         0      1.84        21       320     0.716         1     0.995     0.835     0.296    0.0579         0
   162/299     15.9G      1.68     0.166         0      1.85        19       448     0.753         1     0.995     0.859     0.375    0.0751         0
   163/299     15.9G      1.83     0.193         0      2.02        24       640     0.771         1     0.995     0.871     0.333    0.0669         0
   164/299     15.9G      1.51     0.156         0      1.66        25       448     0.744         1     0.995     0.853     0.307    0.0598         0
   165/299     15.9G      1.78     0.166         0      1.95        27       448     0.761         1     0.995     0.864     0.312    0.0634         0
   166/299     15.9G      1.49     0.154         0      1.64        19       448     0.796         1     0.995     0.886     0.337    0.0701         0
   167/299     15.9G      1.54     0.158         0       1.7        22       512     0.763         1     0.995     0.865     0.311    0.0702         0
   168/299     15.9G      1.35     0.145         0       1.5        17       512     0.741         1     0.995     0.851      0.26    0.0663         0
   169/299     15.9G      1.71     0.174         0      1.89        23       384     0.749         1     0.995     0.856      0.34    0.0691         0
   170/299     15.9G      1.71     0.175         0      1.89        21       512     0.723         1     0.995     0.839     0.276    0.0562         0
   171/299     15.9G      1.59     0.161         0      1.75        17       448     0.741         1     0.995     0.851     0.297    0.0657         0
   172/299     15.9G       1.5     0.159         0      1.66        22       640     0.718         1     0.995     0.836     0.283    0.0649         0
   173/299     15.9G      1.89     0.176         0      2.06        22       448     0.736         1     0.995     0.848     0.311    0.0737         0
   174/299     15.9G      1.55     0.168         0      1.72        18       640     0.723         1     0.995     0.839     0.284    0.0681         0
   175/299     15.9G      1.36     0.157         0      1.52        21       384     0.729         1     0.995     0.843     0.342    0.0624         0
   176/299     15.9G      1.65     0.158         0      1.81        24       512     0.738         1     0.995     0.849     0.317    0.0633         0
   177/299     15.9G      1.71     0.151         0      1.86        20       448     0.735         1     0.995     0.848     0.309    0.0639         0
   178/299     15.9G      1.44     0.146         0      1.59        22       576     0.714         1     0.995     0.833     0.319    0.0609         0
   179/299     15.9G      1.44     0.155         0       1.6        15       320     0.695         1     0.995      0.82     0.277     0.062         0
   180/299     15.9G       1.4     0.162         0      1.56        23       320       0.7         1     0.995     0.824     0.321    0.0605         0
   181/299     15.9G      1.42      0.15         0      1.57        19       640     0.696         1     0.995     0.821      0.29    0.0567         0
   182/299     15.9G      1.37     0.144         0      1.52        17       448     0.673         1     0.995     0.804     0.267    0.0509         0
   183/299     15.9G      1.61     0.155         0      1.77        25       640     0.685         1     0.995     0.813     0.312    0.0499         0
   184/299     15.9G      1.59     0.166         0      1.75        20       576     0.712         1     0.995     0.832     0.326     0.054         0
   185/299     15.9G      1.68     0.176         0      1.86        19       320     0.705         1     0.995     0.827     0.316    0.0529         0
   186/299     15.9G      1.33      0.15         0      1.48        20       576     0.688         1     0.995     0.815     0.343    0.0451         0
   187/299     15.9G      1.71     0.182         0      1.89        16       320     0.701         1     0.995     0.824     0.263    0.0471         0
   188/299     15.9G      1.14     0.129         0      1.27        17       640     0.708         1     0.995     0.829      0.28     0.047         0
   189/299     15.9G      1.66      0.16         0      1.82        20       576     0.709         1     0.995      0.83     0.378    0.0482         0
   190/299     15.9G      1.75      0.16         0      1.91        22       576      0.71         1     0.995      0.83     0.257     0.047         0
   191/299     15.9G      1.64     0.155         0      1.79        20       640     0.712         1     0.995     0.832      0.29    0.0513         0
   192/299     15.9G      1.37     0.152         0      1.53        20       448     0.686         1     0.995     0.814     0.393    0.0506         0
   193/299     15.9G      1.51     0.145         0      1.66        23       448     0.614         1     0.995     0.761     0.342    0.0495         0
   194/299     15.9G      1.59     0.157         0      1.75        19       512     0.636         1     0.995     0.778     0.338    0.0525         0
   195/299     15.9G      1.49      0.16         0      1.65        26       512     0.644         1     0.995     0.784       0.3    0.0522         0
   196/299     15.9G      1.53     0.165         0       1.7        20       320     0.672         1     0.995     0.804     0.341    0.0527         0
   197/299     15.9G      1.51     0.149         0      1.66        20       512     0.678         1     0.995     0.808     0.365    0.0566         0
   198/299     15.9G      1.32     0.149         0      1.47        22       640     0.669         1     0.995     0.802     0.343    0.0552         0
   199/299     15.9G      1.86     0.167         0      2.03        24       384     0.675         1     0.995     0.806     0.365    0.0559         0
   200/299     15.9G      1.43     0.139         0      1.57        18       320     0.683         1     0.995     0.812      0.34    0.0567         0
   201/299     15.9G      1.71     0.159         0      1.86        23       576     0.683         1     0.995     0.811     0.319    0.0574         0
   202/299     15.9G      1.39     0.156         0      1.55        20       320     0.672         1     0.995     0.804     0.295    0.0557         0
   203/299     15.9G      1.45     0.141         0      1.59        25       448     0.663         1     0.995     0.797     0.307    0.0579         0
   204/299     15.9G      1.54     0.148         0      1.69        20       576     0.668         1     0.995     0.801     0.341    0.0545         0
   205/299     15.9G      1.17     0.137         0      1.31        18       512     0.677         1     0.995     0.807     0.368    0.0572         0
   206/299     15.9G      1.53     0.157         0      1.69        19       640     0.683         1     0.995     0.812     0.332    0.0518         0
   207/299     15.9G      1.48     0.154         0      1.64        21       576     0.679         1     0.995     0.809     0.349    0.0526         0
   208/299     15.9G      1.44     0.153         0       1.6        20       640     0.685         1     0.995     0.813     0.405    0.0561         0
   209/299     15.9G      1.65      0.17         0      1.83        21       576     0.685         1     0.995     0.813     0.391    0.0557         0
   210/299     15.9G      1.37     0.137         0       1.5        21       320     0.697         1     0.995     0.822     0.399    0.0585         0
   211/299     15.9G      1.55      0.15         0       1.7        21       576     0.699         1     0.995     0.823     0.362    0.0561         0
   212/299     15.9G      1.41     0.146         0      1.56        20       384     0.698         1     0.995     0.822     0.377    0.0529         0
   213/299     15.9G      1.51     0.155         0      1.66        17       512     0.709         1     0.995      0.83     0.344    0.0507         0
   214/299     15.9G      1.48     0.148         0      1.63        24       576     0.716         1     0.995     0.835     0.289    0.0514         0
   215/299     15.9G      1.33     0.138         0      1.47        17       640      0.71         1     0.995     0.831      0.32    0.0497         0
   216/299     15.9G      1.57     0.153         0      1.72        26       320     0.702         1     0.995     0.825     0.286    0.0512         0
   217/299     15.9G      1.58     0.146         0      1.72        19       384     0.696         1     0.995     0.821     0.326      0.05         0
   218/299     15.9G      1.42      0.17         0      1.59        23       640      0.69         1     0.995     0.816     0.323    0.0467         0
   219/299     15.9G      1.44     0.162         0      1.61        24       384      0.68         1     0.995      0.81     0.345    0.0475         0
   220/299     15.9G      1.42     0.154         0      1.58        19       448     0.681         1     0.995      0.81     0.338    0.0493         0
   221/299     15.9G      1.18     0.126         0       1.3        21       320     0.695         1     0.995      0.82     0.351    0.0491         0
   222/299     15.9G      1.26     0.142         0       1.4        21       512       0.7         1     0.995     0.823      0.33    0.0499         0
   223/299     15.9G      1.63     0.152         0      1.78        21       320     0.701         1     0.995     0.824     0.319    0.0498         0
   224/299     15.9G      1.56     0.157         0      1.72        21       640       0.7         1     0.995     0.824     0.361    0.0458         0
   225/299     15.9G      1.38     0.133         0      1.51        19       384     0.694         1     0.995      0.82     0.311    0.0455         0
   226/299     15.9G      1.16     0.125         0      1.28        20       320     0.685         1     0.995     0.813     0.349    0.0459         0
   227/299     15.9G      1.43     0.136         0      1.57        19       512     0.683         1     0.995     0.811     0.345     0.049         0
   228/299     15.9G      1.21     0.131         0      1.34        25       640     0.688         1     0.995     0.815       0.3    0.0505         0
   229/299     15.9G      1.62     0.141         0      1.76        22       512     0.694         1     0.995     0.819     0.278    0.0529         0
   230/299     15.9G      1.11      0.13         0      1.24        25       512     0.686         1     0.995     0.814     0.287    0.0515         0
   231/299     15.9G      1.58     0.156         0      1.73        20       640     0.691         1     0.995     0.817     0.328    0.0578         0
   232/299     15.9G      1.61      0.17         0      1.78        19       640     0.689         1     0.995     0.816     0.306    0.0551         0
   233/299     15.9G      1.13      0.13         0      1.26        22       576     0.687         1     0.995     0.815     0.331    0.0518         0
   234/299     15.9G      1.29     0.133         0      1.42        24       640     0.693         1     0.995     0.819     0.317    0.0539         0
   235/299     15.9G      1.44     0.146         0      1.59        20       512     0.704         1     0.995     0.826     0.335    0.0577         0
   236/299     15.9G      1.42     0.145         0      1.57        23       640     0.685         1     0.995     0.813     0.299    0.0537         0
   237/299     15.9G      1.32      0.14         0      1.46        24       512     0.691         1     0.995     0.817      0.29    0.0515         0
   238/299     15.9G      1.51     0.151         0      1.66        23       448     0.688         1     0.995     0.815     0.277    0.0509         0
   239/299     15.9G      1.33      0.15         0      1.48        20       576     0.683         1     0.995     0.812     0.305    0.0505         0
   240/299     15.9G      1.11     0.145         0      1.26        20       512      0.68         1     0.995     0.809     0.259    0.0452         0
   241/299     15.9G      1.39     0.128         0      1.52        15       576     0.697         1     0.995     0.822     0.305    0.0467         0
   242/299     15.9G      1.23     0.142         0      1.37        19       384     0.709         1     0.995      0.83     0.355    0.0513         0
   243/299     15.9G      1.21     0.124         0      1.34        22       384     0.697         1     0.995     0.822     0.319    0.0509         0
   244/299     15.9G      1.34     0.138         0      1.48        17       512     0.695         1     0.995      0.82     0.338    0.0527         0
   245/299     15.9G      1.14     0.124         0      1.26        21       512     0.697         1     0.995     0.822     0.307    0.0524         0
   246/299     15.9G      1.31     0.154         0      1.47        19       640     0.701         1     0.995     0.824     0.336    0.0536         0
   247/299     15.9G      1.44     0.143         0      1.58        19       320     0.698         1     0.995     0.822     0.339    0.0515         0
   248/299     15.9G      1.13     0.136         0      1.26        22       320     0.699         1     0.995     0.823     0.321    0.0487         0
   249/299     15.9G     0.998     0.128         0      1.13        17       576     0.697         1     0.995     0.821      0.35    0.0507         0
   250/299     15.9G      1.48     0.143         0      1.62        23       640       0.7         1     0.995     0.824     0.367    0.0526         0
   251/299     15.9G       1.4     0.169         0      1.57        18       576       0.7         1     0.995     0.824     0.355    0.0505         0
   252/299     15.9G      1.27     0.147         0      1.42        20       320      0.69         1     0.995     0.817     0.353    0.0496         0
   253/299     15.9G      1.16     0.131         0      1.29        22       576     0.689         1     0.995     0.816     0.344    0.0476         0
   254/299     15.9G      1.29     0.135         0      1.43        23       384     0.684         1     0.995     0.813     0.326    0.0441         0
   255/299     15.9G      1.12     0.121         0      1.24        21       384     0.686         1     0.995     0.814     0.324    0.0449         0
   256/299     15.9G       1.3     0.133         0      1.43        19       512     0.688         1     0.995     0.815     0.351    0.0477         0
   257/299     15.9G      1.36     0.142         0       1.5        25       640     0.689         1     0.995     0.816     0.348    0.0503         0
   258/299     15.9G      1.09     0.126         0      1.21        18       384     0.688         1     0.995     0.815     0.308    0.0482         0
   259/299     15.9G      1.36     0.143         0       1.5        20       512     0.689         1     0.995     0.816     0.354     0.049         0
   260/299     15.9G      1.24     0.155         0       1.4        19       512     0.686         1     0.995     0.814     0.348    0.0478         0
   261/299     15.9G      1.21     0.125         0      1.34        19       576     0.691         1     0.995     0.817     0.312    0.0474         0
   262/299     15.9G      1.12     0.144         0      1.26        20       384     0.683         1     0.995     0.812     0.326    0.0469         0
   263/299     15.9G      1.37     0.141         0      1.51        21       512     0.685         1     0.995     0.813     0.307    0.0477         0
   264/299     15.9G      1.22     0.148         0      1.37        21       448      0.69         1     0.995     0.817     0.327    0.0494         0
   265/299     15.9G      1.29     0.149         0      1.43        18       512     0.689         1     0.995     0.816     0.334    0.0482         0
   266/299     15.9G      1.31     0.158         0      1.47        18       384      0.69         1     0.995     0.817     0.292    0.0466         0
   267/299     15.9G      1.35     0.151         0      1.51        19       640     0.691         1     0.995     0.818     0.325    0.0475         0
   268/299     15.9G      1.18     0.151         0      1.33        23       576     0.694         1     0.995      0.82      0.34    0.0495         0
   269/299     15.9G      1.26     0.146         0      1.41        21       384      0.69         1     0.995     0.817     0.336    0.0501         0
   270/299     15.9G      1.33     0.144         0      1.47        20       320     0.686         1     0.995     0.814     0.313    0.0491         0
   271/299     15.9G      1.21     0.141         0      1.35        17       320     0.677         1     0.995     0.807     0.347    0.0492         0
   272/299     15.9G      1.44     0.159         0       1.6        19       512     0.674         1     0.995     0.805      0.33    0.0504         0
   273/299     15.9G      1.29     0.148         0      1.43        26       512      0.67         1     0.995     0.803     0.364    0.0507         0
   274/299     15.9G      1.08     0.129         0      1.21        21       448      0.67         1     0.995     0.802      0.34    0.0481         0
   275/299     15.9G      1.25     0.129         0      1.38        17       576     0.676         1     0.995     0.807     0.356    0.0476         0
   276/299     15.9G      1.09     0.126         0      1.22        25       448     0.684         1     0.995     0.812     0.337     0.048         0
   277/299     15.9G      1.23      0.14         0      1.37        16       512     0.693         1     0.995     0.818      0.33    0.0499         0
   278/299     15.9G      1.27     0.153         0      1.42        25       384     0.693         1     0.995     0.819     0.337    0.0503         0
   279/299     15.9G      1.07     0.123         0       1.2        26       448     0.685         1     0.995     0.813     0.298    0.0474         0
   280/299     15.9G      1.29     0.142         0      1.44        19       320      0.68         1     0.995     0.809     0.313    0.0459         0
   281/299     15.9G       1.4     0.142         0      1.54        17       576     0.685         1     0.995     0.813     0.315    0.0463         0
   282/299     15.9G      1.06     0.128         0      1.19        27       384      0.68         1     0.995      0.81     0.302    0.0469         0
   283/299     15.9G      1.17      0.13         0       1.3        26       448     0.684         1     0.995     0.812     0.316    0.0472         0
   284/299     15.9G      1.34     0.165         0       1.5        23       320     0.695         1     0.995      0.82     0.312    0.0491         0
   285/299     15.9G      1.29     0.139         0      1.43        17       448     0.695         1     0.995      0.82     0.314    0.0497         0
   286/299     15.9G      1.36     0.158         0      1.52        23       576     0.701         1     0.995     0.824     0.339    0.0518         0
   287/299     15.9G      1.19     0.147         0      1.34        17       512     0.696         1     0.995      0.82     0.343    0.0517         0
   288/299     15.9G      1.25     0.139         0      1.39        20       384      0.69         1     0.995     0.816     0.318    0.0504         0
   289/299     15.9G      1.25     0.148         0       1.4        23       576     0.691         1     0.995     0.817     0.329     0.049         0
   290/299     15.9G       1.4     0.161         0      1.56        19       640     0.693         1     0.995     0.818     0.301    0.0479         0
   291/299     15.9G      1.31     0.156         0      1.46        21       640     0.695         1     0.995      0.82     0.279     0.048         0
   292/299     15.9G     0.952     0.122         0      1.07        25       320      0.69         1     0.995     0.817     0.298     0.049         0
   293/299     15.9G      1.28     0.148         0      1.43        20       512     0.686         1     0.995     0.814      0.32    0.0489         0
   294/299     15.9G      1.39     0.149         0      1.53        24       384     0.693         1     0.995     0.819     0.343    0.0503         0
   295/299     15.9G      1.18     0.137         0      1.32        18       384     0.691         1     0.995     0.817     0.336    0.0512         0
   296/299     15.9G      1.23     0.142         0      1.37        22       640     0.687         1     0.995     0.815     0.304    0.0514         0
   297/299     15.9G      1.22     0.155         0      1.37        25       320     0.683         1     0.995     0.811     0.313    0.0517         0
   298/299     15.9G      1.13     0.123         0      1.26        20       320     0.674         1     0.995     0.806     0.324    0.0513         0
   299/299     15.9G      1.18      0.15         0      1.33        18       448     0.672         1     0.995     0.804     0.302    0.0491         0
   300/399     8.36G      1.77     0.182         0      1.96        19       512     0.696         1     0.995     0.821     0.504    0.0413         0
   301/399     8.44G      1.41     0.198         0      1.61        24       384     0.701         1     0.995     0.824     0.326    0.0401         0
   302/399     8.44G      1.34     0.161         0       1.5        23       640     0.696         1     0.995     0.821     0.347    0.0426         0
   303/349     13.3G      2.02     0.151         0      2.17        19       512     0.767         1     0.995     0.868     0.383    0.0657         0
   304/349     13.3G      1.71     0.165         0      1.88        24       576     0.773         1     0.995     0.872     0.386    0.0688         0
   305/349     13.3G      1.26     0.148         0      1.41        23       576     0.721         1     0.995     0.838      0.33    0.0654         0
   306/349     13.3G      1.98     0.152         0      2.13        19       512     0.776         1     0.995     0.874     0.462    0.0648         0
   307/349     13.3G      1.88     0.169         0      2.05        24       576     0.751         1     0.995     0.858     0.253    0.0629         0
   308/349     13.3G      1.39     0.156         0      1.54        23       576     0.729         1     0.995     0.843     0.326    0.0572         0
   309/349     13.3G      1.69      0.17         0      1.86        22       320     0.725         1     0.995     0.841     0.308    0.0569         0
